ID,Algorithms,Max_error,P_type_1,P_type_2,P_type_3,P_type_4,P_type_5,P_type_6,P_type_7,P_type_8,P_type_9,P_type_10,P_type_11,P_type_12,P_type_13,P_type_14,P_type_15,P_type_16,P_type_17,P_type_18,P_type_19,P_type_20,P_type_21,P_type_22,P_type_23,P_type_24,P_type_25,Total
D_1,Topdown,1.0,0,1,1,1,0,1,1,0,0,1,0,0,0,1,1,1,1,1,1,1,1,1,1,1,1,18
D_1,Topdown,3.25,0,1,1,1,0,1,1,0,0,0,0,0,0,1,1,1,1,1,1,1,1,1,1,1,1,17
D_1,Topdown,5.5,0,1,1,1,0,1,1,0,0,0,0,0,0,1,1,1,1,1,1,1,1,1,1,1,1,17
D_1,Topdown,7.75,1,1,1,1,0,1,1,0,0,0,0,0,0,1,1,1,1,1,1,1,1,1,1,1,1,18
D_1,Topdown,10.0,1,1,1,1,0,1,1,0,0,0,0,0,0,1,1,1,1,1,1,1,1,1,1,1,1,18
D_1,Bottomup,1.0,0,1,1,1,1,1,1,1,1,1,0,0,0,1,1,0,0,1,1,1,0,1,1,1,1,18
D_1,Bottomup,3.25,0,1,1,1,0,1,1,0,0,0,0,0,0,1,1,0,0,1,1,1,0,1,1,0,0,12
D_1,Bottomup,5.5,0,1,1,1,0,1,1,0,0,0,0,0,0,0,0,0,0,1,1,1,0,1,1,0,0,10
D_1,Bottomup,7.75,1,1,1,1,0,1,1,0,0,0,0,0,0,0,0,0,0,1,1,1,0,1,1,0,0,11
D_1,Bottomup,10.0,1,1,1,1,0,1,1,0,0,0,0,0,0,0,0,0,0,1,1,1,0,1,1,0,0,11
D_1,Slidingwindow,1.0,0,1,1,1,1,1,1,1,1,1,0,0,0,1,1,0,0,1,1,1,0,1,1,1,1,18
D_1,Slidingwindow,3.25,0,1,1,1,0,1,1,0,0,0,0,0,0,1,1,0,0,1,1,1,0,1,1,0,0,12
D_1,Slidingwindow,5.5,0,1,1,1,0,1,1,0,0,0,0,0,0,0,0,0,0,1,1,1,0,1,1,0,0,10
D_1,Slidingwindow,7.75,0,1,1,1,0,1,1,0,0,0,0,0,0,0,0,0,0,1,1,1,0,1,1,0,0,10
D_1,Slidingwindow,10.0,1,1,1,1,0,1,1,0,0,0,0,0,0,0,0,0,0,1,1,1,0,1,1,0,0,11
A_2,SWAB,1.0,1,1,0,1,0,1,1,0,0,0,0,0,0,0,0,0,0,1,1,0,0,1,1,0,0,9
A_2,SWAB,3.25,1,0,0,0,0,1,1,0,0,0,0,0,0,0,0,0,0,0,0,0,0,1,1,0,0,5
A_2,SWAB,5.5,1,0,0,0,0,1,1,0,0,0,0,0,0,0,0,0,0,0,0,0,0,0,0,0,0,3
A_2,SWAB,7.75,1,0,0,0,0,0,1,0,0,0,0,0,0,0,0,0,0,0,0,0,0,0,0,0,0,2
A_2,SWAB,10.0,1,0,0,0,0,0,1,0,0,0,0,0,0,0,0,0,0,0,0,0,0,0,0,0,0,2
D_1,SWAB,1.0,0,0,1,0,0,0,1,0,0,0,0,0,0,0,0,0,0,0,0,0,0,1,1,0,0,4
D_1,SWAB,3.25,0,1,0,0,0,0,0,0,0,0,0,0,0,0,0,0,0,0,0,0,0,0,0,0,0,1
D_1,SWAB,5.5,0,1,0,0,0,0,0,0,0,0,0,0,0,0,0,0,0,0,1,0,0,0,1,0,0,3
D_1,SWAB,7.75,0,1,0,1,0,0,0,0,0,0,0,0,0,0,0,0,0,0,1,0,0,0,1,0,0,4
D_1,SWAB,10.0,0,0,0,0,0,0,0,0,0,0,0,0,0,0,0,0,0,0,0,0,0,0,1,0,0,1
D_1,SWAB,2.0,0,1,1,0,0,0,1,0,0,0,0,0,0,0,0,0,0,1,1,0,0,1,0,0,0,6
D_1,SWAB,3.0,0,1,0,0,0,0,0,0,0,0,0,0,0,0,0,0,0,0,0,0,0,0,0,0,0,1
D_1,SWAB,4.0,1,1,0,0,0,0,0,0,0,0,0,0,0,0,0,0,0,0,0,0,0,1,0,0,0,3
D_1,SWAB,5.0,0,1,0,0,0,0,0,0,0,0,0,0,0,0,0,0,0,0,1,0,0,0,1,0,0,3
A_2,Topdown,1.0,1,1,0,1,0,1,1,0,0,0,0,0,0,0,0,0,0,1,1,1,0,1,1,0,0,10
A_2,Topdown,3.25,1,1,0,1,0,1,1,0,0,0,0,0,0,0,0,0,0,1,1,0,0,1,1,0,0,9
A_2,Topdown,5.5,1,0,0,1,0,1,1,0,0,0,0,0,0,0,0,0,0,1,1,0,0,0,0,0,0,6
A_2,Topdown,7.75,1,0,0,0,0,1,1,0,0,0,0,0,0,0,0,0,0,0,0,0,0,0,0,0,0,3
A_2,Topdown,10.0,1,0,0,0,0,1,1,0,0,0,0,0,0,0,0,0,0,0,0,0,0,0,0,0,0,3
A_2,Bottomup,1.0,1,1,0,1,0,1,1,0,0,0,0,0,0,0,0,0,0,1,1,0,0,1,1,0,0,9
A_2,Bottomup,3.25,1,0,0,0,0,1,1,0,0,0,0,0,0,0,0,0,0,0,0,0,0,1,1,0,0,5
A_2,Bottomup,5.5,1,0,0,0,0,1,1,0,0,0,0,0,0,0,0,0,0,0,0,0,0,0,0,0,0,3
A_2,Bottomup,7.75,1,0,0,0,0,1,1,0,0,0,0,0,0,0,0,0,0,0,0,0,0,0,0,0,0,3
A_2,Bottomup,10.0,1,0,0,0,0,1,1,0,0,0,0,0,0,0,0,0,0,0,0,0,0,0,0,0,0,3
D_1,SWAB,0.1,0,0,0,0,0,0,0,0,0,0,0,0,0,1,1,0,0,0,0,0,0,0,0,0,0,2
D_1,SWAB,0.825,0,0,1,0,0,0,1,0,0,0,0,1,0,1,1,0,0,0,0,0,0,1,1,0,0,7
D_1,SWAB,1.55,0,1,1,0,0,1,0,0,0,0,0,0,0,0,0,0,0,0,0,0,0,1,1,0,0,5
D_1,SWAB,2.275,0,1,1,0,0,0,1,0,0,0,0,0,0,0,0,0,0,1,1,0,0,1,0,0,0,6
A_2,Slidingwindow,1.0,1,1,0,1,0,1,1,0,0,0,0,0,0,0,0,0,0,1,1,1,0,1,1,0,0,10
A_2,Slidingwindow,3.25,1,1,0,1,0,1,1,0,0,0,0,0,0,0,0,0,0,1,1,0,0,1,1,0,0,9
A_2,Slidingwindow,5.5,1,1,0,0,0,1,1,0,0,0,0,0,0,0,0,0,0,0,0,0,0,1,1,0,0,6
A_2,Slidingwindow,7.75,1,0,0,0,0,1,1,0,0,0,0,0,0,0,0,0,0,0,0,0,0,0,0,0,0,3
A_2,Slidingwindow,10.0,1,0,0,0,0,1,1,0,0,0,0,0,0,0,0,0,0,0,0,0,0,0,0,0,0,3
A_1,Topdown,1.0,0,1,0,1,0,1,1,0,0,0,0,0,0,0,0,0,0,1,1,1,0,1,1,0,0,9
A_1,Topdown,3.25,0,1,0,1,0,1,1,0,0,0,0,0,0,0,0,0,0,1,0,0,0,1,1,0,0,7
A_1,Topdown,5.5,0,0,0,0,0,1,1,0,0,0,0,0,0,0,0,0,0,0,0,0,0,0,1,0,0,3
A_1,Topdown,7.75,0,0,0,0,0,1,1,0,0,0,0,0,0,0,0,0,0,0,0,0,0,0,0,0,0,2
A_1,Topdown,10.0,0,0,0,0,0,1,0,0,0,0,0,0,0,0,0,0,0,0,0,0,0,0,0,0,0,1
A_1,Bottomup,1.0,0,1,0,1,0,1,1,0,0,0,0,0,0,0,0,0,0,1,1,0,0,1,0,0,0,7
A_1,Bottomup,3.25,0,0,0,0,0,1,1,0,0,0,0,0,0,0,0,0,0,0,0,0,0,1,0,0,0,3
A_1,Bottomup,5.5,0,0,0,0,0,1,1,0,0,0,0,0,0,0,0,0,0,0,0,0,0,0,0,0,0,2
A_1,Bottomup,7.75,0,0,0,0,0,1,0,0,0,0,0,0,0,0,0,0,0,0,0,0,0,0,0,0,0,1
A_1,Bottomup,10.0,0,0,0,0,0,1,0,0,0,0,0,0,0,0,0,0,0,0,0,0,0,0,0,0,0,1
A_1,Slidingwindow,1.0,0,1,0,1,0,1,1,0,0,0,0,0,0,0,0,0,0,1,1,1,0,1,1,0,0,9
A_1,Slidingwindow,2.0,0,1,0,1,0,1,1,0,0,0,0,0,0,0,0,0,0,1,1,0,0,1,0,0,0,7
A_1,Slidingwindow,3.0,0,0,0,1,0,1,1,0,0,0,0,0,0,0,0,0,0,1,1,0,0,1,1,0,0,7
A_1,Slidingwindow,4.0,0,0,0,0,0,1,1,0,0,0,0,0,0,0,0,0,0,0,0,0,0,1,1,0,0,4
A_1,Slidingwindow,5.0,0,0,0,0,0,1,1,0,0,0,0,0,0,0,0,0,0,0,0,0,0,0,0,0,0,2
A_1,SWAB,1.0,0,1,0,1,0,1,1,0,0,0,0,0,0,0,0,0,0,1,1,0,0,1,0,0,0,7
A_1,SWAB,2.0,0,0,0,0,0,1,1,0,0,0,0,0,0,0,0,0,0,0,0,0,0,1,0,0,0,3
A_1,SWAB,3.0,0,0,0,0,0,1,1,0,0,0,0,0,0,0,0,0,0,0,0,0,0,1,0,0,0,3
A_1,SWAB,4.0,0,0,0,0,0,1,1,0,0,0,0,0,0,0,0,0,0,0,0,0,0,0,0,0,0,2
A_1,SWAB,5.0,0,0,0,0,0,1,0,0,0,0,0,0,0,0,0,0,0,0,0,0,0,0,0,0,0,1
D_2,Topdown,1.0,1,0,0,0,1,0,0,1,1,1,0,1,1,1,1,0,0,0,0,0,0,0,0,0,0,9
D_2,Topdown,3.25,1,0,0,0,1,0,0,1,0,1,0,1,1,1,1,0,0,0,0,0,0,0,0,0,0,8
D_2,Topdown,5.5,1,0,1,0,1,0,0,1,0,1,0,1,1,1,1,0,0,0,0,0,0,0,0,0,0,9
D_2,Topdown,7.75,1,0,1,0,1,0,0,1,0,1,0,1,1,1,1,0,0,0,0,0,0,0,0,0,0,9
D_2,Topdown,10.0,1,0,1,0,1,0,0,1,0,1,0,1,1,1,1,0,0,0,0,0,0,0,0,0,0,9
D_2,Bottomup,1.0,1,0,0,0,0,0,0,1,1,1,0,1,1,0,0,0,0,0,0,0,0,0,0,0,0,6
D_2,Bottomup,3.25,1,0,1,0,0,0,0,1,0,0,0,1,0,1,1,0,0,0,0,0,0,0,0,0,0,6
D_2,Bottomup,5.5,1,0,1,0,0,0,0,1,0,0,0,1,0,1,1,0,0,0,0,0,0,0,0,0,0,6
D_2,Bottomup,7.75,1,0,1,0,0,0,0,0,0,0,0,0,0,0,0,0,0,0,0,0,0,0,0,0,0,2
D_2,Bottomup,10.0,1,0,1,0,0,0,0,0,0,0,0,0,0,0,0,0,0,0,0,0,0,0,0,0,0,2
A_3,Topdown,0.5,0,0,1,0,0,0,0,0,0,0,0,0,0,0,0,0,0,0,0,1,0,0,0,0,0,2
A_3,Topdown,2.875,1,1,0,1,0,0,0,0,0,0,0,0,0,0,0,0,0,1,1,1,0,1,1,0,0,8
A_3,Topdown,5.25,1,1,0,1,0,0,0,0,0,0,0,0,0,0,0,0,0,0,0,0,0,1,1,0,0,5
A_3,Topdown,7.625,1,1,0,0,0,0,1,0,0,0,0,0,0,0,0,0,0,0,0,0,0,1,1,0,0,5
A_3,Topdown,10.0,1,1,0,0,0,1,1,0,0,0,0,0,0,0,0,0,0,0,0,0,0,1,1,0,0,6
D_2,SWAB,2.5500000000000003,0,0,0,0,0,0,0,0,0,0,0,0,0,1,1,0,0,0,0,0,0,0,0,0,0,2
D_2,SWAB,2.275,0,0,0,0,0,0,0,0,0,0,0,0,0,1,1,0,0,0,0,0,0,0,0,0,0,2
D_2,Slidingwindow,0.1,1,0,0,0,1,0,0,1,1,0,0,1,1,0,0,0,0,0,0,0,0,0,0,0,0,6
D_2,Slidingwindow,2.575,1,0,0,0,0,0,0,1,1,1,0,1,1,0,0,0,0,0,0,0,0,0,0,0,0,6
D_2,Slidingwindow,5.05,1,0,0,0,0,0,0,1,0,0,0,1,0,1,1,0,0,0,0,0,0,0,0,0,0,5
D_2,Slidingwindow,7.525,1,0,1,0,0,0,0,1,0,0,0,1,0,0,0,0,0,0,0,0,0,0,0,0,0,4
D_2,Slidingwindow,10.0,1,0,1,0,0,0,0,0,0,0,0,0,0,0,0,0,0,0,0,0,0,0,0,0,0,2
D_2,Slidingwindow,0.5,1,0,0,0,1,0,0,1,1,0,0,1,1,0,0,0,0,0,0,0,0,0,0,0,0,6
D_2,Slidingwindow,1.625,1,0,0,0,0,0,0,1,1,0,0,1,1,1,1,0,0,0,0,0,0,0,0,0,0,7
D_2,Slidingwindow,2.75,1,0,0,0,0,0,0,1,1,1,0,1,1,0,0,0,0,0,0,0,0,0,0,0,0,6
D_2,Slidingwindow,3.875,1,0,0,0,0,0,0,1,0,1,0,1,0,1,1,0,0,0,0,0,0,0,0,0,0,6
D_2,Slidingwindow,5.0,1,0,0,0,0,0,0,1,0,0,0,1,0,1,1,0,0,0,0,0,0,0,0,0,0,5
E_1,Topdown,1.0,1,0,0,0,0,0,0,0,0,0,0,0,0,0,0,0,0,0,0,0,0,0,0,0,0,1
E_1,Topdown,3.25,1,0,0,0,0,1,0,0,0,0,0,0,0,0,0,0,0,1,1,0,0,0,0,0,0,4
E_1,Topdown,5.5,1,0,0,0,0,1,1,0,0,0,0,0,0,0,0,0,0,1,1,0,0,1,1,0,0,7
E_1,Topdown,7.75,1,0,0,0,0,1,1,0,0,0,0,0,0,0,0,0,0,0,0,0,0,1,1,0,0,5
E_1,Topdown,10.0,1,0,0,0,0,1,1,0,0,0,0,0,0,0,0,0,0,0,0,0,0,0,0,0,0,3
E_1,Topdown,3.0,1,0,0,0,0,1,0,0,0,0,0,0,0,0,0,0,0,1,1,0,0,0,0,0,0,4
E_1,Topdown,4.0,1,0,0,0,0,1,0,0,0,0,0,0,0,0,0,0,0,1,1,0,0,1,1,0,0,6
E_1,Topdown,5.0,1,0,0,0,0,1,0,0,0,0,0,0,0,0,0,0,0,1,1,0,0,1,1,0,0,6
E_1,Topdown,6.0,1,0,0,0,0,1,1,0,0,0,0,0,0,0,0,0,0,1,1,0,0,1,1,0,0,7
E_1,Topdown,7.0,1,0,0,0,0,1,1,0,0,0,0,0,0,0,0,0,0,1,1,0,0,1,1,0,0,7
E_1,Slidingwindow,1.0,1,0,0,0,0,0,0,0,0,0,0,0,0,0,0,0,0,0,0,0,0,0,0,0,0,1
E_1,Slidingwindow,3.25,1,0,0,0,0,1,1,0,0,0,0,0,0,0,0,0,0,1,0,0,0,1,1,0,0,6
E_1,Slidingwindow,5.5,1,0,0,0,0,0,1,0,0,0,0,0,0,0,0,0,0,0,0,0,0,0,0,0,0,2
E_1,Slidingwindow,7.75,1,0,0,0,0,1,0,0,0,0,0,0,0,0,0,0,0,0,0,0,0,0,0,0,0,2
E_1,Slidingwindow,10.0,1,0,0,0,0,0,0,0,0,0,0,0,0,0,0,0,0,0,0,0,0,0,0,0,0,1
E_1,Slidingwindow,3.0,0,0,0,0,0,1,1,0,0,0,0,0,0,0,0,0,0,1,0,0,0,1,1,0,0,5
E_1,Slidingwindow,3.5,1,0,0,0,0,1,1,0,0,0,0,0,0,0,0,0,0,0,0,0,0,0,0,0,0,3
E_1,Slidingwindow,3.75,1,0,0,0,0,1,1,0,0,0,0,0,0,0,0,0,0,0,0,0,0,0,0,0,0,3
E_1,Slidingwindow,4.0,1,0,0,0,0,1,1,0,0,0,0,0,0,0,0,0,0,0,0,0,0,0,0,0,0,3
E_1,SWAB,0.1,1,0,0,0,0,0,0,0,0,0,0,0,0,0,0,0,0,0,0,0,0,0,0,0,0,1
E_1,SWAB,0.575,1,0,0,0,0,0,0,0,0,0,0,0,0,0,0,0,0,0,0,0,0,0,0,0,0,1
E_1,SWAB,1.05,1,0,0,0,0,0,0,0,0,0,0,0,0,0,0,0,0,0,0,0,0,0,0,0,0,1
E_1,SWAB,1.525,1,0,0,0,0,0,0,0,0,0,0,0,0,0,0,0,0,0,0,0,0,0,0,0,0,1
E_1,SWAB,2.0,1,0,0,0,0,1,1,0,0,0,0,0,0,0,0,0,0,0,0,0,0,0,0,0,0,3
E_1,SWAB,1.0,1,0,0,0,0,0,0,0,0,0,0,0,0,0,0,0,0,0,0,0,0,0,0,0,0,1
E_1,SWAB,3.0,1,0,0,0,0,0,0,0,0,0,0,0,0,0,0,0,0,0,0,0,0,0,0,0,0,1
E_1,SWAB,4.0,1,0,0,0,0,0,0,0,0,0,0,0,0,0,0,0,0,0,0,0,0,0,0,0,0,1
E_1,SWAB,5.0,1,0,0,0,0,0,0,0,0,0,0,0,0,0,0,0,0,0,0,0,0,0,0,0,0,1
E_1,Bottomup,1.0,1,0,0,0,0,0,0,0,0,0,0,0,0,0,0,0,0,0,0,0,0,0,0,0,0,1
E_1,Bottomup,3.25,1,0,0,0,0,1,0,0,0,0,0,0,0,0,0,0,0,0,0,0,0,0,0,0,0,2
E_2,SWAB,1.0,0,1,1,1,1,0,1,1,1,1,1,1,1,1,1,1,1,1,1,1,1,0,1,1,1,22
E_2,SWAB,3.25,0,1,1,1,1,0,1,1,1,1,1,1,1,1,1,1,1,1,1,1,1,1,1,1,1,23
E_2,SWAB,5.5,0,1,1,1,1,1,1,1,1,1,1,1,1,1,1,1,1,1,1,1,1,1,1,1,1,24
E_2,SWAB,7.75,0,0,1,1,1,1,1,1,1,1,1,1,1,1,1,1,1,1,1,1,1,1,1,1,1,23
E_2,SWAB,10.0,0,1,1,1,1,1,1,1,1,1,1,1,1,1,1,1,1,1,1,1,1,1,1,1,1,24
E_3,Topdown,1.0,0,1,1,1,0,1,1,1,1,1,0,0,0,1,1,1,1,1,1,1,1,1,1,1,1,20
E_3,Topdown,3.25,0,1,1,1,0,1,1,0,0,0,0,0,0,1,1,1,1,1,1,1,1,1,1,1,1,17
E_3,Topdown,5.5,0,1,1,1,0,1,1,0,0,0,0,0,0,1,1,1,1,1,1,1,1,1,1,1,1,17
E_3,Topdown,7.75,0,1,1,1,0,1,1,0,0,0,0,0,0,1,1,1,1,1,1,1,1,1,1,1,1,17
E_3,Topdown,10.0,0,1,1,1,0,1,1,0,0,0,0,0,0,1,1,1,1,1,1,1,1,1,1,1,1,17
E_3,SWAB,1.0,0,0,1,0,0,1,1,0,1,0,0,0,0,0,0,0,0,0,0,0,0,1,1,0,0,6
E_3,SWAB,3.25,0,0,0,0,0,0,1,0,0,0,0,0,0,0,0,0,0,0,0,0,0,0,0,0,0,1
E_3,SWAB,5.5,0,0,0,0,0,1,0,0,0,0,0,0,0,0,0,0,0,0,0,0,0,0,0,0,0,1
E_3,SWAB,7.75,1,0,1,0,0,0,0,0,0,0,0,0,0,0,0,0,0,0,0,0,0,0,1,0,0,3
E_3,SWAB,10.0,1,1,0,1,0,0,1,0,0,0,0,0,0,0,0,0,0,0,0,0,0,0,1,0,0,5
E_3,Slidingwindow,1.0,0,1,1,1,1,1,1,1,1,1,0,0,0,1,1,1,1,1,1,1,0,1,1,1,1,20
E_3,Slidingwindow,3.25,0,1,1,1,0,1,1,0,0,0,0,0,0,1,1,0,0,1,1,1,0,1,1,0,0,12
E_3,Slidingwindow,5.5,0,1,1,1,0,1,1,1,0,0,0,0,0,0,0,0,0,1,1,1,0,1,1,0,0,11
E_3,Slidingwindow,7.75,0,1,1,1,0,1,1,0,0,0,0,0,0,0,0,0,0,1,1,1,0,1,1,0,0,10
E_3,Slidingwindow,10.0,0,1,1,1,0,1,1,0,0,0,0,0,0,0,0,0,0,1,1,1,0,1,1,0,0,10
E_3,SWAB,0.4499999999999999,0,0,1,0,0,0,0,0,0,0,0,0,0,0,0,0,0,0,0,0,0,1,1,0,0,3
E_3,SWAB,0.7999999999999999,0,0,1,0,0,1,1,0,0,0,0,1,0,0,0,0,0,0,0,1,0,1,1,0,0,7
E_3,SWAB,1.15,0,0,1,0,0,1,1,0,1,0,0,0,0,0,0,0,0,0,0,0,0,1,0,0,0,5
E_3,SWAB,1.5,0,0,1,0,0,1,1,0,1,0,0,0,0,0,0,0,0,0,0,0,0,1,0,0,0,5
E_3,Bottomup,1.0,0,1,1,1,1,1,1,1,1,1,0,0,0,1,1,1,1,1,1,1,0,1,1,1,1,20
E_3,Bottomup,3.25,0,1,1,1,0,1,1,1,0,0,0,0,0,1,1,0,0,1,1,1,0,1,1,0,0,13
E_3,Bottomup,5.5,0,1,1,1,0,1,1,0,0,0,0,0,0,0,0,0,0,1,1,1,0,1,1,0,0,10
E_3,Bottomup,7.75,0,1,1,1,0,1,1,0,0,0,0,0,0,0,0,0,0,1,1,1,0,1,1,0,0,10
E_3,Bottomup,10.0,0,1,1,1,0,1,1,0,0,0,0,0,0,0,0,0,0,1,1,1,0,1,1,0,0,10
